1 4722.73 15136.48 1598.28 14202.43 350.77 10951.32 83.59 5783.26
2 4530.20 15120.57 1529.92 14159.74 332.58 10842.34 74.40 5560.48
3 4403.88 15105.90 1490.02 14145.96 323.80 10828.35 74.07 5544.90
4 3077.71 15119.70 1026.34 14141.00 222.31 10758.26 48.31 5365.94
5 1147.56 15064.18 358.95 14073.71 79.26 10689.59 16.99 5326.91
6 803.86 15110.79 248.94 14119.18 55.07 10691.84 11.56 5236.09
7 644.71 15064.89 198.63 14077.32 44.14 10663.92 9.75 5228.68
8 472.66 15100.79 145.97 14080.60 32.46 10616.85 6.48 5111.06
9 360.11 15089.17 110.71 14089.56 24.56 10633.01 4.92 5130.12
10 306.61 15104.29 94.33 14094.85 20.94 10606.81 4.21 5054.63
11 252.82 15088.78 77.70 14085.26 17.32 10617.76 3.49 5106.38
12 218.10 15101.10 66.99 14084.05 14.91 10576.01 3.06 5022.56
13 201.43 15103.78 62.73 14093.84 14.01 10640.00 2.94 5140.67
14 184.76 15106.46 56.67 14096.92 12.62 10607.39 2.68 5059.44
15 172.14 15094.20 52.83 14091.04 11.86 10640.20 2.64 5170.74
16 157.64 15109.13 48.44 14105.12 10.81 10634.31 2.24 5114.98
17 157.15 15097.70 48.32 14104.81 10.79 10673.10 2.23 5209.70
18 158.13 15075.30 48.46 14067.28 10.85 10614.74 2.23 5146.36
19 150.21 15102.64 46.01 14117.67 10.32 10712.97 2.23 5290.26
20 133.81 15110.71 41.11 14110.72 9.44 10671.91 1.98 5228.43
21 128.00 15108.46 39.33 14132.26 9.07 10758.21 1.93 5384.26
22 120.24 15124.09 36.98 14143.07 8.49 10753.68 1.85 5356.58
23 118.35 15110.00 36.41 14140.05 8.36 10788.28 1.83 5448.40
28 123.56 15094.80 37.84 14118.54 8.70 10747.27 1.86 5376.70
29 225.82 15059.54 70.07 14077.19 16.30 10719.38 3.62 5368.40
30 821.75 15110.88 258.49 14108.24 58.75 10645.97 9.64 5130.19
31 720.44 15090.30 223.75 14079.68 48.96 10589.37 9.89 5041.10
32 494.43 15097.72 152.54 14064.34 33.14 10496.27 6.60 4810.12
33 342.48 15077.61 105.17 14040.48 22.81 10458.32 4.27 4749.14
34 224.78 15088.03 69.20 14029.89 14.89 10375.27 2.72 4552.49
35 155.94 15036.62 47.75 13975.29 10.31 10307.82 1.86 4463.45
36 115.91 15038.89 35.35 13950.08 7.73 10189.10 1.36 4226.49
37 92.03 15048.13 28.02 13955.30 6.02 10178.52 -9999 16384.00
38 69.57 15058.13 21.22 13940.36 4.52 10078.37 -9999 16384.00
39 58.65 15007.08 17.86 13886.23 3.83 10012.42 -9999 16384.00
40 52.06 15041.32 15.81 13893.60 3.35 9926.88 -9999 16384.00
41 46.75 15020.36 14.25 13864.73 2.99 9870.74 -9999 16384.00
42 42.94 14994.46 13.01 13812.64 2.70 9729.94 -9999 16384.00
43 40.75 15006.30 12.32 13815.70 2.55 9702.31 -9999 16384.00
44 37.86 15010.62 11.42 13794.42 2.35 9591.47 -9999 16384.00
45 35.33 14968.80 10.68 13740.03 2.19 9519.66 -9999 16384.00
46 34.55 14994.90 10.37 13743.87 2.10 9420.21 -9999 16384.00
47 35.47 14974.40 10.66 13718.11 2.16 9373.96 -9999 16384.00
48 34.53 14975.60 10.35 13688.59 2.06 9240.18 -9999 16384.00
49 34.27 14926.80 10.28 13634.01 2.05 9166.32 -9999 16384.00
50 33.85 14960.07 10.14 13638.00 2.00 9068.30 -9999 16384.00
51 32.68 14938.36 9.75 13610.32 1.91 9021.87 -9999 16384.00
52 31.82 14946.32 9.49 13590.79 1.84 8907.83 -9999 16384.00
53 31.38 14922.24 9.34 13558.52 1.81 8846.54 -9999 16384.00
54 30.74 14928.94 9.14 13538.40 1.75 8732.80 -9999 16384.00
55 30.90 14904.42 9.18 13506.98 1.75 8676.89 -9999 16384.00
56 30.62 14911.25 9.08 13487.10 1.70 8566.63 -9999 16384.00
57 30.96 14859.79 9.18 13436.28 1.72 8514.53 -9999 16384.00
58 30.68 14863.76 9.07 13409.68 1.68 8383.42 -9999 16384.00
59 30.15 14816.89 8.92 13364.18 1.64 8341.78 -9999 16384.00
60 30.82 14882.28 9.12 13396.44 1.66 8261.18 -9999 16384.00
61 31.06 14861.63 9.17 13373.89 1.66 8230.32 -9999 16384.00
62 30.24 14867.73 8.93 13354.08 1.59 8122.94 -9999 16384.00
63 31.26 14849.88 9.20 13337.47 1.64 8109.28 -9999 16384.00
64 32.14 14858.62 9.46 13326.17 1.67 8029.35 -9999 16384.00
65 33.26 14814.24 9.80 13293.04 1.73 8033.44 -9999 16384.00
66 35.29 14855.56 10.40 13315.78 1.81 7992.64 -9999 16384.00
67 38.34 14842.31 11.31 13313.39 1.97 8025.75 -9999 16384.00
68 46.25 14851.65 13.64 13307.33 2.45 7968.11 -9999 16384.00
69 50.47 14838.12 14.90 13300.98 2.61 7985.60 -9999 16384.00
70 67.18 14788.83 19.95 13241.10 3.46 7891.09 -9999 16384.00
71 104.58 14804.88 31.28 13261.78 5.37 7928.14 -9999 16384.00
72 120.34 14786.63 36.01 13238.52 6.15 7886.12 -9999 16384.00
73 89.76 14809.49 26.79 13275.28 4.63 7970.31 -9999 16384.00
74 72.27 14854.38 21.51 13312.47 3.75 7981.58 -9999 16384.00
75 62.04 14801.05 18.47 13274.01 3.24 8024.30 -9999 16384.00
76 56.54 14852.20 16.75 13307.82 2.94 8038.59 -9999 16384.00
77 50.58 14853.71 14.97 13349.06 2.65 8146.72 -9999 16384.00
78 45.04 14842.52 13.34 13336.82 2.37 8133.23 -9999 16384.00
79 40.59 14860.34 12.04 13374.45 2.17 8238.09 -9999 16384.00
80 36.50 14877.86 10.81 13387.92 1.94 8237.32 -9999 16384.00
81 33.86 14872.75 10.03 13405.58 1.83 8332.09 -9999 16384.00
82 31.73 14875.12 9.42 13383.58 1.71 8294.89 -9999 16384.00
83 31.17 14856.05 9.28 13379.68 1.70 8385.31 -9999 16384.00
84 31.20 14856.19 9.27 13390.09 1.72 8393.59 -9999 16384.00
85 31.69 14860.58 9.42 13435.09 1.75 8504.31 -9999 16384.00
86 31.26 14880.72 9.31 13452.88 1.74 8516.53 -9999 16384.00
87 30.57 14901.75 9.11 13493.76 1.71 8624.48 -9999 16384.00
88 29.45 14886.72 8.77 13479.17 1.65 8613.22 -9999 16384.00
89 28.80 14909.12 8.60 13520.02 1.63 8714.67 -9999 16384.00
90 28.70 14866.77 8.56 13480.39 1.63 8688.22 -9999 16384.00
91 29.02 14884.24 8.67 13514.41 1.67 8788.01 -9999 16384.00
92 28.83 14909.07 8.61 13544.91 1.66 8827.40 -9999 16384.00
93 28.95 14930.64 8.69 13585.06 1.69 8929.72 -9999 16384.00
94 28.21 14922.61 8.50 13590.28 1.66 8983.50 -9999 16384.00
95 28.61 14912.15 8.61 13597.94 1.71 9080.90 -9999 16384.00
96 28.93 14934.79 8.73 13624.97 1.72 9094.75 -9999 16384.00
97 28.32 14949.32 8.54 13645.93 1.69 9136.65 -9999 16384.00
98 27.07 14930.84 8.16 13611.48 1.60 9048.55 -9999 16384.00
99 26.36 14912.50 7.95 13595.74 1.56 9041.08 -9999 16384.00
100 27.02 14903.87 8.15 13554.44 1.58 8931.45 -9999 16384.00
101 26.28 14931.70 7.92 13588.83 1.54 8944.14 -9999 16384.00
102 26.76 14937.17 8.06 13568.73 1.55 8834.70 -9999 16384.00
103 26.48 14918.53 7.98 13551.08 1.53 8821.54 -9999 16384.00
104 27.34 14926.01 8.25 13534.00 1.57 8720.79 -9999 16384.00
105 26.78 14906.28 8.08 13512.90 1.54 8692.89 -9999 16384.00
106 26.57 14913.12 8.54 13492.56 1.59 8581.84 -9999 16384.00
107 26.35 14919.97 8.60 13446.54 1.61 8548.36 -9999 16384.00
108 26.13 14926.81 8.62 13416.70 1.60 8439.32 -9999 16384.00
109 25.92 14933.65 8.95 13439.24 1.66 8444.56 -9999 16384.00
110 25.70 14940.50 9.37 13393.23 1.73 8322.71 -9999 16384.00
111 25.49 14947.34 10.18 13396.70 1.89 8309.50 -9999 16384.00
112 25.27 14954.19 10.37 13379.86 1.89 8209.71 -9999 16384.00
113 25.05 14961.03 10.30 13415.54 1.87 8332.79 -9999 16384.00
114 24.84 14967.88 10.22 13451.22 1.85 8455.87 -9999 16384.00
115 24.62 14974.72 10.15 13486.90 1.83 8578.95 -9999 16384.00
116 24.40 14981.56 10.08 13522.59 1.81 8702.02 -9999 16384.00
117 24.19 14988.41 10.01 13558.27 1.78 8825.10 -9999 16384.00
118 23.97 14995.25 9.93 13593.95 1.76 8948.18 -9999 16384.00
119 23.75 15002.10 9.86 13629.63 1.74 9071.26 -9999 16384.00
120 23.54 15008.94 9.79 13665.31 1.72 9194.34 -9999 16384.00
121 23.32 15015.79 9.71 13700.99 1.70 9317.41 0.10 6927.45
122 23.11 15022.63 9.64 13736.67 1.67 9440.49 0.10 6953.22
123 22.89 15029.47 9.57 13772.36 1.65 9563.57 0.11 7037.16
124 22.67 15036.32 9.50 13808.04 1.63 9686.65 0.12 7047.27
125 22.46 15043.16 9.42 13843.72 1.61 9809.73 0.13 7174.38
126 22.24 15050.01 9.35 13879.40 1.59 9932.80 0.13 7229.71
127 22.02 15056.85 9.28 13915.08 1.57 10055.88 0.14 7320.82
128 21.81 15063.70 9.20 13950.76 1.54 10178.96 0.15 7369.10
129 21.59 15070.54 9.13 13986.44 1.52 10302.04 0.16 7453.47
130 21.38 15077.38 9.06 14022.13 1.50 10425.12 0.17 7492.57
131 21.16 15084.23 8.99 14057.81 1.48 10548.20 0.18 7590.24
132 20.94 15091.07 8.91 14093.49 1.46 10671.27 0.19 7626.20
133 20.73 15097.92 8.84 14129.17 1.43 10794.35 0.20 7738.53
134 20.51 15104.76 8.77 14164.85 1.41 10917.43 0.21 7741.76
135 20.29 15111.61 8.69 14200.53 1.39 11040.51 0.23 7865.60
136 20.08 15118.45 8.62 14236.21 1.37 11163.59 0.23 7893.86
137 19.86 15125.29 8.55 14271.89 1.35 11286.66 0.25 7987.95
138 19.64 15132.14 8.48 14307.58 1.32 11409.74 0.26 8004.80
139 19.43 15138.98 8.40 14343.26 1.30 11532.82 0.27 8016.56
140 19.21 15145.83 8.33 14378.94 1.28 11655.90 0.28 7973.50
141 19.00 15152.67 8.26 14414.62 1.26 11778.98 0.28 7864.86
142 19.07 15180.20 8.40 14403.14 1.26 11628.00 0.27 7500.23
143 19.60 15132.26 8.27 14296.34 1.22 11311.77 0.24 6857.66
144 18.62 15101.67 8.37 14165.76 1.15 10828.75 0.20 5847.56
145 19.56 15019.33 8.42 14007.88 1.10 10406.40 0.18 4996.78
146 19.46 15017.53 8.30 13908.56 1.05 9976.39 -9999 16384.00
147 19.64 14960.22 8.16 13769.42 1.00 9537.36 -9999 16384.00
148 18.92 14927.13 8.15 13629.52 0.93 9024.10 -9999 16384.00
149 19.01 14851.40 8.01 13424.16 0.87 8509.80 -9999 16384.00
150 19.06 14821.84 7.75 13311.28 0.80 7952.72 -9999 16384.00
151 18.80 14753.51 7.81 13137.54 -9999 16384.00 -9999 16384.00
152 18.54 14675.17 7.62 12927.28 -9999 16384.00 -9999 16384.00
153 18.29 14590.76 7.49 12713.90 -9999 16384.00 -9999 16384.00
154 18.60 14546.68 7.35 12539.84 -9999 16384.00 -9999 16384.00
155 19.00 14468.17 7.42 12332.00 -9999 16384.00 -9999 16384.00
156 19.17 14434.40 7.69 12131.74 -9999 16384.00 -9999 16384.00
157 19.80 14321.75 8.03 11885.61 -9999 16384.00 -9999 16384.00
158 20.30 14248.83 8.12 11626.48 -9999 16384.00 -9999 16384.00
159 20.67 14153.27 8.38 11374.91 -9999 16384.00 -9999 16384.00
160 20.94 14077.62 8.52 11105.99 -9999 16384.00 -9999 16384.00
161 20.92 13967.56 8.65 10815.89 -9999 16384.00 -9999 16384.00
162 20.93 13901.95 8.56 10574.40 -9999 16384.00 -9999 16384.00
163 21.12 13835.84 8.36 10344.04 -9999 16384.00 -9999 16384.00
164 21.26 13752.48 7.98 10054.40 -9999 16384.00 -9999 16384.00
165 21.11 13664.97 7.56 9823.96 -9999 16384.00 -9999 16384.00
166 21.04 13573.37 6.91 9537.78 -9999 16384.00 -9999 16384.00
167 20.88 13488.54 7.24 9348.44 -9999 16384.00 -9999 16384.00
168 20.03 13412.09 7.00 9097.49 -9999 16384.00 -9999 16384.00
169 19.98 13361.90 6.66 8958.01 -9999 16384.00 -9999 16384.00
170 19.42 13329.13 6.25 8765.75 -9999 16384.00 -9999 16384.00
171 19.19 13278.45 6.07 8645.80 -9999 16384.00 -9999 16384.00
172 18.85 13159.26 5.72 8376.16 -9999 16384.00 -9999 16384.00
173 18.69 13154.03 5.49 8262.05 -9999 16384.00 -9999 16384.00
174 18.31 13068.24 5.25 8033.84 -9999 16384.00 -9999 16384.00
175 18.07 13031.52 5.06 7891.12 -9999 16384.00 -9999 16384.00
176 17.74 12971.42 4.77 7677.20 -9999 16384.00 -9999 16384.00
177 17.32 12910.30 4.61 7523.26 -9999 16384.00 -9999 16384.00
178 17.04 12817.58 4.33 7267.08 -9999 16384.00 -9999 16384.00
179 17.17 12780.37 4.18 7130.48 -9999 16384.00 -9999 16384.00
180 16.78 12720.22 3.95 6912.59 -9999 16384.00 -9999 16384.00
181 16.74 12668.01 3.88 6779.81 -9999 16384.00 -9999 16384.00
182 16.40 12613.56 3.70 6584.42 -9999 16384.00 -9999 16384.00
183 16.60 12533.97 3.67 6457.51 -9999 16384.00 -9999 16384.00
184 16.71 12509.86 3.51 6273.94 -9999 16384.00 -9999 16384.00
185 16.70 12442.67 3.48 6164.96 -9999 16384.00 -9999 16384.00
186 16.63 12412.82 3.33 5975.98 -9999 16384.00 -9999 16384.00
187 17.12 12315.59 3.31 5843.21 -9999 16384.00 -9999 16384.00
188 16.93 12308.98 3.14 5664.42 -9999 16384.00 -9999 16384.00
189 17.20 12251.24 3.13 5585.38 -9999 16384.00 -9999 16384.00
190 17.22 12231.96 3.02 5434.46 -9999 16384.00 -9999 16384.00
191 17.44 12198.09 3.02 5362.88 -9999 16384.00 -9999 16384.00
192 17.26 12155.29 2.91 5199.94 -9999 16384.00 -9999 16384.00
193 17.70 12126.80 2.93 5146.34 -9999 16384.00 -9999 16384.00
194 17.70 12088.23 2.81 4996.35 -9999 16384.00 -9999 16384.00
195 17.77 12072.48 2.81 4978.14 -9999 16384.00 -9999 16384.00
196 17.55 12025.26 2.67 4808.40 -9999 16384.00 -9999 16384.00
197 17.90 12009.06 2.69 4788.51 -9999 16384.00 -9999 16384.00
198 17.77 11928.70 2.58 4638.59 -9999 16384.00 -9999 16384.00
199 18.15 11845.99 2.62 4582.97 -9999 16384.00 -9999 16384.00
200 18.17 11920.51 2.53 4496.71 -9999 16384.00 -9999 16384.00
201 18.52 11911.53 2.54 4493.96 -9999 16384.00 -9999 16384.00
202 18.57 11879.59 2.45 4368.70 -9999 16384.00 -9999 16384.00
203 18.83 11870.62 2.49 4371.49 -9999 16384.00 -9999 16384.00
204 18.83 11841.52 2.39 4247.82 -9999 16384.00 -9999 16384.00
205 19.18 11812.84 2.44 4254.83 -9999 16384.00 -9999 16384.00
206 19.16 11806.44 2.33 4142.50 -9999 16384.00 -9999 16384.00
207 19.50 11801.26 2.40 4160.76 -9999 16384.00 -9999 16384.00
208 19.53 11744.04 2.33 4041.97 -9999 16384.00 -9999 16384.00
209 19.72 11767.50 2.38 4066.97 -9999 16384.00 -9999 16384.00
210 19.71 11713.38 2.28 3944.81 -9999 16384.00 -9999 16384.00
211 20.06 11745.00 2.32 3992.69 -9999 16384.00 -9999 16384.00
212 20.11 11684.30 2.20 3842.89 -9999 16384.00 -9999 16384.00
213 20.41 11706.40 2.27 3873.54 -9999 16384.00 -9999 16384.00
214 20.31 11680.10 2.15 3765.96 -9999 16384.00 -9999 16384.00
215 20.71 11682.02 2.23 3802.39 -9999 16384.00 -9999 16384.00
216 20.58 11651.65 2.13 3685.08 -9999 16384.00 -9999 16384.00
217 20.97 11654.33 2.21 3724.62 -9999 16384.00 -9999 16384.00
218 21.03 11625.12 2.12 3609.24 -9999 16384.00 -9999 16384.00
219 21.48 11623.86 2.21 3657.72 -9999 16384.00 -9999 16384.00
220 21.53 11612.07 2.12 3565.77 -9999 16384.00 -9999 16384.00
221 21.98 11616.66 2.20 3610.09 -9999 16384.00 -9999 16384.00
222 22.03 11599.49 2.12 3526.94 -9999 16384.00 -9999 16384.00
223 22.23 11604.59 2.19 3574.12 -9999 16384.00 -9999 16384.00
224 22.26 11568.53 2.09 3498.22 -9999 16384.00 -9999 16384.00
225 22.66 11551.78 2.20 3538.58 -9999 16384.00 -9999 16384.00
226 22.59 11556.16 2.12 3461.64 -9999 16384.00 -9999 16384.00
227 22.97 11582.71 2.21 3517.74 -9999 16384.00 -9999 16384.00
228 23.18 11580.67 2.18 3470.28 -9999 16384.00 -9999 16384.00
229 23.73 11586.04 2.30 3519.63 -9999 16384.00 -9999 16384.00
230 23.79 11544.81 2.25 3432.95 -9999 16384.00 -9999 16384.00
231 24.43 11586.38 2.38 3523.66 -9999 16384.00 -9999 16384.00
232 24.45 11572.72 2.32 3451.33 -9999 16384.00 -9999 16384.00
233 25.14 11564.38 2.46 3518.94 -9999 16384.00 -9999 16384.00
234 25.26 11579.47 2.41 3471.23 -9999 16384.00 -9999 16384.00
235 25.86 11592.04 2.56 3545.81 -9999 16384.00 -9999 16384.00
236 26.02 11564.75 2.52 3487.20 -9999 16384.00 -9999 16384.00
237 26.63 11582.70 2.65 3574.67 -9999 16384.00 -9999 16384.00
238 26.50 11604.76 2.59 3547.24 -9999 16384.00 -9999 16384.00
239 26.61 11598.13 2.72 3631.03 -9999 16384.00 -9999 16384.00
240 26.48 11629.76 2.63 3626.98 -9999 16384.00 -9999 16384.00
241 27.08 11647.12 2.79 3711.20 -9999 16384.00 -9999 16384.00
242 27.14 11649.91 2.75 3690.39 -9999 16384.00 -9999 16384.00
243 27.54 11669.86 2.91 3789.41 -9999 16384.00 -9999 16384.00
244 27.49 11675.70 2.89 3770.93 -9999 16384.00 -9999 16384.00
245 28.05 11697.04 3.09 3864.29 -9999 16384.00 -9999 16384.00
246 28.64 11708.54 3.09 3839.74 -9999 16384.00 -9999 16384.00
247 29.31 11681.96 3.30 3930.16 -9999 16384.00 -9999 16384.00
248 29.89 11726.86 3.40 3942.37 -9999 16384.00 -9999 16384.00
249 31.18 11746.32 3.77 4083.76 -9999 16384.00 -9999 16384.00
250 32.30 11753.39 3.92 4064.63 -9999 16384.00 -9999 16384.00
251 33.70 11775.67 4.34 4167.34 -9999 16384.00 -9999 16384.00
252 34.75 11780.06 4.42 4151.44 -9999 16384.00 -9999 16384.00
253 36.65 11779.59 4.91 4242.14 -9999 16384.00 -9999 16384.00
254 43.83 11780.20 6.48 4212.65 -9999 16384.00 -9999 16384.00
255 51.68 11831.02 8.31 4334.84 -9999 16384.00 -9999 16384.00
256 52.33 11810.95 5.28 4305.32 -9999 16384.00 -9999 16384.00